782977848170708394135692725178363
782977848170708394135692908369118
782977848170708394135692815776229
782977848170708394135692897001767
782977848170708394135692894964743
782977848170708394135692836296327
782977848170708394135692765292743
782977848170708394135692908564602
782977848170708394135692833324662
782977848170708394135692806446402
782977848170708394135692935697294
782977848170708394135692930651435
782977848170708394135692804956576
782977848170708394135692895148544
782977848170708394135692800428905
782977848170708394135692749780330
782977848170708394135692938641488
782977848170708394135692944105316
782977848170708394135692761075836
782977848170708394135692826717538
782977848170708394135692766607892
782977848170708394135692754282573
782977848170708394135692760494960
782977848170708394135692935311331
782977848170708394135692930886488
782977848170708394135692854093003
782977848170708394135692806614459
782977848170708394135692799587711
782977848170708394135692722909369
782977848170708394135692867929357
782977848170708394135692954010857
782977848170708394135692868868982
782977848170708394135692869321313
782977848170708394135692901358985
782977848170708394135692880275532
782977848170708394135692870149469
782977848170708394135692796940928
782977848170708394135692941796126
782977848170708394135692929193437
782977848170708394135692874850336
782977848170708394135692854521574
782977848170708394135692743955663
782977848170708394135692868926404
782977848170708394135692880994579
782977848170708394135692830899086
782977848170708394135692743621057
782977848170708394135692734671449
782977848170708394135692928767297
782977848170708394135692876365470
782977848170708394135692727277890
782977848170708394135692909666648
782977848170708394135692860665131
782977848170708394135692912089655
782977848170708394135692732106179
782977848170708394135692912752637
782977848170708394135692792201039
782977848170708394135692879280512
782977848170708394135692956416618
782977848170708394135692795806106
782977848170708394135692917064406
782977848170708394135692912927253
782977848170708394135692788220677
782977848170708394135692782804442
782977848170708394135692856075117
782977848170708394135692909694141
782977848170708394135692845760272
782977848170708394135692817762241
782977848170708394135692768871208
782977848170708394135692963333801
782977848170708394135693118696043
782977848170708394135693079339156
782977848170708394135693065354944
782977848170708394135693083565650
782977848170708394135693035348975
782977848170708394135693104017411
782977848170708394135693052445551
782977848170708394135693001388152
782977848170708394135693167765972
782977848170708394135693140909770
782977848170708394135693146372118
782977848170708394135693169047774
782977848170708394135693128614277
782977848170708394135693170530183
782977848170708394135693067340492
782977848170708394135693000689396
782977848170708394135692965045716
782977848170708394135693110957543
782977848170708394135692963592994
782977848170708394135693079347977
782977848170708394135693149226840
782977848170708394135693197026435
782977848170708394135693197568057
782977848170708394135693049297319
782977848170708394135692944105316
782977848170708394135693199686813
782977848170708394135692987084924
782977848170708394135692987400814
782977848170708394135693192712499
782977848170708394135693061847288
782977848170708394135692954010857
782977848170708394135692996497106
782977848170708394135693021722961
782977848170708394135693048393927
782977848170708394135693170305523
782977848170708394135693007908510
782977848170708394135692968662145
782977848170708394135693136861946
782977848170708394135693149839406
782977848170708394135693055871945
782977848170708394135693090542266
782977848170708394135693158111666
782977848170708394135693111291391
782977848170708394135693178022788
782977848170708394135693205370467
782977848170708394135693115615612
782977848170708394135692941796126
782977848170708394135693088179670
782977848170708394135693101936039
782977848170708394135693107767178
782977848170708394135692969843780
782977848170708394135693177663799
782977848170708394135693156204383
782977848170708394135693010093756
782977848170708394135692959454140
782977848170708394135693021812068
782977848170708394135693014819563
782977848170708394135693165303523
782977848170708394135692978185303
782977848170708394135692964704402
782977848170708394135693049683970
782977848170708394135693029000510
782977848170708394135693115197803
782977848170708394135693193977396
782977848170708394135693182239460
782977848170708394135693014689943
782977848170708394135693151409213
782977848170708394135693149921900
782977848170708394135692978670253
782977848170708394135693073124635
782977848170708394135692965541348
782977848170708394135693008168815
782977848170708394135693147917699
782977848170708394135693152553820
782977848170708394135692956416618
782977848170708394135693119930283
782977848170708394135693015525750
782977848170708394135693064621313
782977848170708394135693172636180
782977848170708394135693200897252
782977848170708394135693048199562
782977848170708394135693067520979
782977848170708394135693070815520
782977848170708394135693014886406
782977848170708394135692964054028
782977848170708394135693159136363
782977848170708394135693145516850
782977848170708394135693196526377
782977848170708394135693374852783
782977848170708394135693420384360
782977848170708394135693266144047
782977848170708394135693322622362
782977848170708394135693360311771
782977848170708394135693425031611
782977848170708394135693272544647
782977848170708394135693315330610
782977848170708394135693294782715
782977848170708394135693330969853
782977848170708394135693397313306
782977848170708394135693410187474
782977848170708394135693219917159
782977848170708394135693322585736
782977848170708394135693197568057
782977848170708394135693303860120
782977848170708394135693425668571
782977848170708394135693232812630
782977848170708394135693445688072
782977848170708394135693303584408
782977848170708394135693366561881
782977848170708394135693389754998
782977848170708394135693437043332
782977848170708394135693267691293
782977848170708394135693258043083
782977848170708394135693400974130
782977848170708394135693361217816
782977848170708394135693276288421
782977848170708394135693355405166
782977848170708394135693404050058
782977848170708394135693230608865
782977848170708394135693341814466
782977848170708394135693205370467
782977848170708394135693237704385
782977848170708394135693442397557
782977848170708394135693267170313
782977848170708394135693246369353
782977848170708394135693210815267
782977848170708394135693447305804
782977848170708394135693245185829
782977848170708394135693390148553
782977848170708394135693346720339
782977848170708394135693341385571
782977848170708394135693346851929
782977848170708394135693302509747
782977848170708394135693231810040
782977848170708394135693383744745
782977848170708394135693366885855
782977848170708394135693193977396
782977848170708394135693430968101
782977848170708394135693418597098
782977848170708394135693307746449
782977848170708394135693447843617
782977848170708394135693451469285
782977848170708394135693282329598
782977848170708394135693305603999
782977848170708394135693238687138
782977848170708394135693451991033
782977848170708394135693381004318
782977848170708394135693200897252
782977848170708394135693386960853
782977848170708394135693256884891
782977848170708394135693407090597
782977848170708394135693238682284
782977848170708394135693447861806
782977848170708394135693196526377
782977848170708394135693452080367
782977848170708394135693426040129
782977848170708394135693321347585
782977848170708394135693367865792
782977848170708394135693400489905
782977848170708394135693389766913
782977848170708394135693250396122
782977848170708394135693420363001
782977848170708394135693343987271
782977848170708394135693440521218
782977848170708394135693197026435
782977848170708394135693255492616
782977848170708394135693239207680
782977848170708394135693234844600
782977848170708394135693285475771
782977848170708394135693448249967
782977848170708394135693199686813
782977848170708394135693216730018
782977848170708394135693262809183
782977848170708394135693316676558
782977848170708394135693407955268
782977848170708394135693232164827
782977848170708394135693192712499
782977848170708394135693281186667
782977848170708394135693305853919
782977848170708394135693451205041
782977848170708394135693378660248
782977848170708394135693450936264
782977848170708394135693308707127
782977848170708394135693378959239
782977848170708394135693436669976
782977848170708394135693297521512
782977848170708394135693433970113
782977848170708394135693280861795
782977848170708394135693377052177
782977848170708394135693340140770
782977848170708394135693383308143
782977848170708394135693417462648
782977848170708394135693292421374
782977848170708394135693430418888
782977848170708394135693323344360
782977848170708394135693414985946
782977848170708394135693214153937
782977848170708394135693424704221
782977848170708394135693398844009
782977848170708394135693370084385
782977848170708394135693423752524
782977848170708394135693438585641
782977848170708394135693211716011
782977848170708394135693268212106
782977848170708394135693348336836
782977848170708394135693423981304
782977848170708394135693272739907
782977848170708394135693443299351
782977848170708394135693307501037
782977848170708394135693447196318
782977848170708394135693313572006
782977848170708394135693211960277
782977848170708394135693361319359
782977848170708394135693362811600
782977848170708394135693429602012
782977848170708394135693208716002
782977848170708394135693259124957
782977848170708394135693358129944
782977848170708394135693431615645
782977848170708394135693318583649
782977848170708394135693386639702
782977848170708394135693362173643
782977848170708394135693339138090
782977848170708394135693606700418
782977848170708394135693617543211
782977848170708394135693693697712
782977848170708394135693559250101
782977848170708394135693541903263
782977848170708394135693672514424
782977848170708394135693670234431
782977848170708394135693544772566
782977848170708394135693522653321
782977848170708394135693576711089
782977848170708394135693593870542
782977848170708394135693530066655
782977848170708394135693678985161
782977848170708394135693515800575
782977848170708394135693473980802
782977848170708394135693623656603
782977848170708394135693670963007
782977848170708394135693491161275
782977848170708394135693611237285
782977848170708394135693567449418
782977848170708394135693498247402
782977848170708394135693571662727
782977848170708394135693694267094
782977848170708394135693606347671
782977848170708394135693608873405
782977848170708394135693570067255
782977848170708394135693655723674
782977848170708394135693659781823
782977848170708394135693477172151
782977848170708394135693678775205
782977848170708394135693659688660
782977848170708394135693542297554
782977848170708394135693471651254
782977848170708394135693442397557
782977848170708394135693535136000
782977848170708394135693629086870
782977848170708394135693662590615
782977848170708394135693520069657
782977848170708394135693531533119
782977848170708394135693698482484
782977848170708394135693447305804
782977848170708394135693634010347
782977848170708394135693693794935
782977848170708394135693624732882
782977848170708394135693692021960
782977848170708394135693571712437
782977848170708394135693471044020
782977848170708394135693484121067
782977848170708394135693501839129
782977848170708394135693603853055
782977848170708394135693548618318
782977848170708394135693646173565
782977848170708394135693611301777
782977848170708394135693494622324
782977848170708394135693688039930
782977848170708394135693679271289
782977848170708394135693678208362
782977848170708394135693677933407
782977848170708394135693640355230
782977848170708394135693614402128
782977848170708394135693451469285
782977848170708394135693626691221
782977848170708394135693451991033
782977848170708394135693666582307
782977848170708394135693496595265
782977848170708394135693693392539
782977848170708394135693698539335
782977848170708394135693691676317
782977848170708394135693472343474
782977848170708394135693524966030
782977848170708394135693706305996
782977848170708394135693447861806
782977848170708394135693662538338
782977848170708394135693633046310
782977848170708394135693680052065
782977848170708394135693677397046
782977848170708394135693584613812
782977848170708394135693705430494
782977848170708394135693667817629
782977848170708394135693485172170
782977848170708394135693465785482
782977848170708394135693471210975
782977848170708394135693535197394
782977848170708394135693599587980
782977848170708394135693611718211
782977848170708394135693628068179
782977848170708394135693480254359
782977848170708394135693677151323
782977848170708394135693491489099
782977848170708394135693695449374
782977848170708394135693675999827
782977848170708394135693668899525
782977848170708394135693451205041
782977848170708394135693703504059
782977848170708394135693465062498
782977848170708394135693648577903
782977848170708394135693450936264
782977848170708394135693500779721
782977848170708394135693600029284
782977848170708394135693689518347
782977848170708394135693551547844
782977848170708394135693672463372
782977848170708394135693509918207
782977848170708394135693489249091
782977848170708394135693481524680
782977848170708394135693614620084
782977848170708394135693645420565
782977848170708394135693575606242
782977848170708394135693480949711
782977848170708394135693699511510
782977848170708394135693577470989
782977848170708394135693638291501
782977848170708394135693618547040
782977848170708394135693662655747
782977848170708394135693443299351
782977848170708394135693657030488
782977848170708394135693696652477
782977848170708394135693649689524
782977848170708394135693523753268
782977848170708394135693698569943
782977848170708394135693625031990
782977848170708394135693492874007
782977848170708394135693668011133
782977848170708394135693612523501
782977848170708394135693695536892
782977848170708394135693590136117
782977848170708394135693522669872
782977848170708394135693504603226
782977848170708394135693587561807
782977848170708394135693644441587
782977848170708394135693573114416
782977848170708394135693561330404
782977848170708394135693486523753
782977848170708394135693649190839
782977848170708394135693482921369
782977848170708394135693671140450
782977848170708394135693669295736
782977848170708394135693560114429
782977848170708394135693605142118
782977848170708394135693672329832
782977848170708394135693545525456
782977848170708394135693631472622
782977848170708394135693553289024
782977848170708394135693705141361
782977848170708394135693589115229
782977848170708394135693574814852
782977848170708394135693625003394
782977848170708394135693588502386
782977848170708394135693472415388
782977848170708394135693504116341
782977848170708394135693684371777
782977848170708394135693474941638
782977848170708394135693634351685
782977848170708394135693655867277
782977848170708394135693601835100
782977848170708394135693560935850
782977848170708394135693559078342
782977848170708394135693445688072
782977848170708394135693652549415
782977848170708394135693687135032
782977848170708394135693656266132
782977848170708394135693624638307
782977848170708394135693637372966
782977848170708394135693672216219
782977848170708394135693647005973
782977848170708394135693491598300
782977848170708394135693619356988
782977848170708394135693639508608
782977848170708394135693623625081
782977848170708394135693677004910
782977848170708394135693546230557
782977848170708394135693697991738
782977848170708394135693695694747
782977848170708394135693625339243
782977848170708394135693694387564
782977848170708394135693642215535
782977848170708394135693534687709
782977848170708394135693630012464
782977848170708394135693663426616
782977848170708394135693653950703
782977848170708394135693496037958
782977848170708394135693565944380
782977848170708394135693447843617
782977848170708394135693469590512
782977848170708394135693480133455
782977848170708394135693579057263
782977848170708394135693541162157
782977848170708394135693642442886
782977848170708394135693677068929
782977848170708394135693617574678
782977848170708394135693619438318
782977848170708394135693487273436
782977848170708394135693519192816
782977848170708394135693452080367
782977848170708394135693697425766
782977848170708394135693541418273
782977848170708394135693551899335
782977848170708394135693637919468
782977848170708394135693631795591
782977848170708394135693683796106
782977848170708394135693706114783
782977848170708394135693496382303
782977848170708394135693660870184
782977848170708394135693669263269
782977848170708394135693666444672
782977848170708394135693667611575
782977848170708394135693685002927
782977848170708394135693648837221
782977848170708394135693448249967
782977848170708394135693616841336
782977848170708394135693702622677
782977848170708394135693543208787
782977848170708394135693685637330
782977848170708394135693582209117
782977848170708394135693684712664
782977848170708394135693620756134
782977848170708394135693556553713
782977848170708394135693496930699
782977848170708394135693582154359
782977848170708394135693461643815
782977848170708394135693656421898
782977848170708394135693638491924
782977848170708394135693597304753
782977848170708394135693661164029
782977848170708394135693697945005
782977848170708394135693486162575
782977848170708394135693581954750
782977848170708394135693577678596
782977848170708394135693556720705
782977848170708394135693552033418
782977848170708394135693462506937
782977848170708394135693480618190
782977848170708394135693626034169
782977848170708394135693603034010
782977848170708394135693578261757
782977848170708394135693683894985
782977848170708394135693522288678
782977848170708394135693610000605
782977848170708394135693617422959
782977848170708394135693526541279
782977848170708394135693531544531
782977848170708394135693582381260
782977848170708394135693702285669
782977848170708394135693447196318
782977848170708394135693611176680
782977848170708394135693557444141
782977848170708394135693515870907
782977848170708394135693486011485
782977848170708394135693534394239
782977848170708394135693634737541
782977848170708394135693647691461
782977848170708394135693825025160
782977848170708394135693942726028
782977848170708394135693693697712
782977848170708394135693924856431
782977848170708394135693929831626
782977848170708394135693894468254
782977848170708394135693784390149
782977848170708394135693805304140
782977848170708394135693832885523
782977848170708394135693914566596
782977848170708394135693883789327
782977848170708394135693946682321
782977848170708394135693728471255
782977848170708394135693715454943
782977848170708394135693870648608
782977848170708394135693694267094
782977848170708394135693768717640
782977848170708394135693775412081
782977848170708394135693884702701
782977848170708394135693907068808
782977848170708394135693825505375
782977848170708394135693872035637
782977848170708394135693846413755
782977848170708394135693927974615
782977848170708394135693749624822
782977848170708394135693850469365
782977848170708394135693731644157
782977848170708394135693825601123
782977848170708394135693744112585
782977848170708394135693798455564
782977848170708394135693923946638
782977848170708394135693811408759
782977848170708394135693839928735
782977848170708394135693698482484
782977848170708394135693826815589
782977848170708394135693693794935
782977848170708394135693898109740
782977848170708394135693772977568
782977848170708394135693708397526
782977848170708394135693800500058
782977848170708394135693692021960
782977848170708394135693731019578
782977848170708394135693743165809
782977848170708394135693793097335
782977848170708394135693873071035
782977848170708394135693867629386
782977848170708394135693884096041
782977848170708394135693745569131
782977848170708394135693747064899
782977848170708394135693737536753
782977848170708394135693856124615
782977848170708394135693949604441
782977848170708394135693811040662
782977848170708394135693856360137
782977848170708394135693835988735
782977848170708394135693910914949
782977848170708394135693693392539
782977848170708394135693776060329
782977848170708394135693774525875
782977848170708394135693856557783
782977848170708394135693698539335
782977848170708394135693691676317
782977848170708394135693779843934
782977848170708394135693893123741
782977848170708394135693863781484
782977848170708394135693706305996
782977848170708394135693807256057
782977848170708394135693705430494
782977848170708394135693888420294
782977848170708394135693771573457
782977848170708394135693728781142
782977848170708394135693825833726
782977848170708394135693874425833
782977848170708394135693745386587
782977848170708394135693949417831
782977848170708394135693713891184
782977848170708394135693766805129
782977848170708394135693890622187
782977848170708394135693750393716
782977848170708394135693792447216
782977848170708394135693731236499
782977848170708394135693748290457
782977848170708394135693695449374
782977848170708394135693763570477
782977848170708394135693852033480
782977848170708394135693873159173
782977848170708394135693853773772
782977848170708394135693755438352
782977848170708394135693703504059
782977848170708394135693729412893
782977848170708394135693797901980
782977848170708394135693732837485
782977848170708394135693826894681
782977848170708394135693754725798
782977848170708394135693929214715
782977848170708394135693820667268
782977848170708394135693841680452
782977848170708394135693714977208
782977848170708394135693742596185
782977848170708394135693746337295
782977848170708394135693816020405
782977848170708394135693869853808
782977848170708394135693911871994
782977848170708394135693894425823
782977848170708394135693863508758
782977848170708394135693922612112
782977848170708394135693699511510
782977848170708394135693902639228
782977848170708394135693874127404
782977848170708394135693842116173
782977848170708394135693696652477
782977848170708394135693698569943
782977848170708394135693808202284
782977848170708394135693724158757
782977848170708394135693695536892
782977848170708394135693848797657
782977848170708394135693713902549
782977848170708394135693940163666
782977848170708394135693766030005
782977848170708394135693801440921
782977848170708394135693919719821
782977848170708394135693819065640
782977848170708394135693897985516
782977848170708394135693871825983
782977848170708394135693828548524
782977848170708394135693705141361
782977848170708394135693763894769
782977848170708394135693955031886
782977848170708394135693835525701
782977848170708394135693715498205
782977848170708394135693744321754
782977848170708394135693727201234
782977848170708394135693807379600
782977848170708394135693805810311
782977848170708394135693899767315
782977848170708394135693934008293
782977848170708394135693718605117
782977848170708394135693924780424
782977848170708394135693860846554
782977848170708394135693860539867
782977848170708394135693786956086
782977848170708394135693746215084
782977848170708394135693815414027
782977848170708394135693711747205
782977848170708394135693758998485
782977848170708394135693853603578
782977848170708394135693941236401
782977848170708394135693813985568
782977848170708394135693812811402
782977848170708394135693865359913
782977848170708394135693746113166
782977848170708394135693838352915
782977848170708394135693697991738
782977848170708394135693721513230
782977848170708394135693695694747
782977848170708394135693754039549
782977848170708394135693723251125
782977848170708394135693761878919
782977848170708394135693852475105
782977848170708394135693694387564
782977848170708394135693756443549
782977848170708394135693949404957
782977848170708394135693942214861
782977848170708394135693907411105
782977848170708394135693718778593
782977848170708394135693856444333
782977848170708394135693739655334
782977848170708394135693858241495
782977848170708394135693721703679
782977848170708394135693770054622
782977848170708394135693796957561
782977848170708394135693719726813
782977848170708394135693891525591
782977848170708394135693823375301
782977848170708394135693769123861
782977848170708394135693714977108
782977848170708394135693773667525
782977848170708394135693722146769
782977848170708394135693742552745
782977848170708394135693737125372
782977848170708394135693757656494
782977848170708394135693739973312
782977848170708394135693928848266
782977848170708394135693854390011
782977848170708394135693697425766
782977848170708394135693897737300
782977848170708394135693708338460
782977848170708394135693897099356
782977848170708394135693822587881
782977848170708394135693706114783
782977848170708394135693943249661
782977848170708394135693761011244
782977848170708394135693784517759
782977848170708394135693746100551
782977848170708394135693776943430
782977848170708394135693800845169
782977848170708394135693702622677
782977848170708394135693931876223
782977848170708394135693822247606
782977848170708394135693766969717
782977848170708394135693726628420
782977848170708394135693775839467
782977848170708394135693883206260
782977848170708394135693717525721
782977848170708394135693801986515
782977848170708394135693784231010
782977848170708394135693914063635
782977848170708394135693899510200
782977848170708394135693894032867
782977848170708394135693724541516
782977848170708394135693697945005
782977848170708394135693726654443
782977848170708394135693781989051
782977848170708394135693941066039
782977848170708394135693830003203
782977848170708394135693792017988
782977848170708394135693710949600
782977848170708394135693721737781
782977848170708394135693790486045
782977848170708394135693743627501
782977848170708394135693702285669
782977848170708394135693896978928
782977848170708394135693934199210
782977848170708394135693755437127
782977848170708394135693784941194
782977848170708394135693869803414
782977848170708394135693797865943
782977848170708394135693755156073
782977848170708394135693859165732
782977848170708394135693786201725
782977848170708394135693890685512
782977848170708394135693727978497
782977848170708394135693730386902
782977848170708394135694239861055
782977848170708394135694194066692
782977848170708394135694194953491
782977848170708394135694427138662
782977848170708394135694409580002
782977848170708394135694388117788
782977848170708394135694244858882
782977848170708394135694375816526
782977848170708394135694239514921
782977848170708394135694327500775
782977848170708394135694399678549
782977848170708394135694218398309
782977848170708394135694320977928
782977848170708394135694250357491
782977848170708394135694326778723
782977848170708394135694245238784
782977848170708394135694260114013
782977848170708394135694201161697
782977848170708394135694446805117
782977848170708394135694424344789
782977848170708394135694191269955
782977848170708394135694292512886
782977848170708394135694237068165
782977848170708394135694229892679
782977848170708394135694221719500
782977848170708394135694348348632
782977848170708394135694289016145
782977848170708394135694319845213
782977848170708394135694213160777
782977848170708394135694219962104
782977848170708394135694361836139
782977848170708394135694367702792
782977848170708394135694374596125
782977848170708394135694325555378
782977848170708394135694446297208
782977848170708394135694372151624
782977848170708394135694221125458
782977848170708394135694376322445
782977848170708394135694258867216
782977848170708394135694302065405
782977848170708394135694336779899
782977848170708394135694320841323
782977848170708394135694216786197
782977848170708394135694324705706
782977848170708394135694238804684
782977848170708394135694455576287
782977848170708394135694302752960
782977848170708394135694317077018
782977848170708394135694254583261
782977848170708394135694285257905
782977848170708394135694275908264
782977848170708394135694337911642
782977848170708394135694358853007
782977848170708394135694367016092
782977848170708394135694452175264
782977848170708394135694296635237
782977848170708394135694409443214
782977848170708394135694262284741
782977848170708394135694378008361
782977848170708394135694296183365
782977848170708394135694424653328
782977848170708394135694290343184
782977848170708394135694225175863
782977848170708394135694216697399
782977848170708394135694417933185
782977848170708394135694394215462
782977848170708394135694385544105
782977848170708394135694391099032
782977848170708394135694360541737
782977848170708394135694337843395
782977848170708394135694447775363
782977848170708394135694402722900
782977848170708394135694310145616
782977848170708394135694363320508
782977848170708394135694317907655
782977848170708394135694345000994
782977848170708394135694436936866
782977848170708394135694194134572
782977848170708394135694272326294
782977848170708394135694375032437
782977848170708394135694414145674
782977848170708394135694300872009
782977848170708394135694228305205
782977848170708394135694199281658
782977848170708394135694437403040
782977848170708394135694352976169
782977848170708394135694225871678
782977848170708394135694377052861
782977848170708394135694414489240
782977848170708394135694248080264
782977848170708394135694270312611
782977848170708394135694295817772
782977848170708394135694321301665
782977848170708394135694297388807
782977848170708394135694376341461
782977848170708394135694108876400
782977848170708394135693974911858
782977848170708394135693942726028
782977848170708394135693965807846
782977848170708394135694105838666
782977848170708394135694086840104
782977848170708394135694083047908
782977848170708394135694059893400
782977848170708394135694145510324
782977848170708394135694201161697
782977848170708394135694024326253
782977848170708394135693955031886
782977848170708394135694191269955
782977848170708394135694173909580
782977848170708394135694110560142
782977848170708394135693946682321
782977848170708394135693971846740
782977848170708394135694034334431
782977848170708394135694033011208
782977848170708394135694174348345
782977848170708394135694022971193
782977848170708394135694065510323
782977848170708394135693966312217
782977848170708394135694158070412
782977848170708394135694085356254
782977848170708394135694052217055
782977848170708394135694090518822
782977848170708394135694085429238
782977848170708394135694008240256
782977848170708394135694037257558
782977848170708394135694113875893
782977848170708394135694117882625
782977848170708394135694131410606
782977848170708394135693975186563
782977848170708394135694025448068
782977848170708394135693957941128
782977848170708394135694150097189
782977848170708394135694020068837
782977848170708394135694003668716
782977848170708394135693941236401
782977848170708394135694164879496
782977848170708394135694109873597
782977848170708394135694121937142
782977848170708394135694048829077
782977848170708394135694099062678
782977848170708394135694083039008
782977848170708394135694147656586
782977848170708394135694092767152
782977848170708394135693949404957
782977848170708394135693942214861
782977848170708394135693994136774
782977848170708394135694180864870
782977848170708394135694041407412
782977848170708394135694024960938
782977848170708394135694031208304
782977848170708394135694012988824
782977848170708394135693949604441
782977848170708394135693969033267
782977848170708394135694043473310
782977848170708394135694175186629
782977848170708394135694077049531
782977848170708394135694107744206
782977848170708394135694001854248
782977848170708394135693957849803
782977848170708394135694098653030
782977848170708394135694117416774
782977848170708394135694194066692
782977848170708394135694194953491
782977848170708394135694056041672
782977848170708394135693961632808
782977848170708394135694033764718
782977848170708394135694112429087
782977848170708394135694071676846
782977848170708394135694034548628
782977848170708394135693943249661
782977848170708394135694095293485
782977848170708394135694078235698
782977848170708394135694042134249
782977848170708394135693949417831
782977848170708394135694106291917
782977848170708394135694136815231
782977848170708394135694051553427
782977848170708394135694056367534
782977848170708394135694116821388
782977848170708394135694011000823
782977848170708394135694111296764
782977848170708394135694142325528
782977848170708394135694126133006
782977848170708394135694043982839
782977848170708394135694129148227
782977848170708394135694101712499
782977848170708394135694124586260
782977848170708394135693984075634
782977848170708394135694186062200
782977848170708394135694039312054
782977848170708394135693968212067
782977848170708394135694138730185
782977848170708394135694118932595
782977848170708394135694080091385
782977848170708394135694183562660
782977848170708394135694135235007
782977848170708394135694109379379
782977848170708394135693968447425
782977848170708394135694059135530
782977848170708394135694027299137
782977848170708394135694137455471
782977848170708394135694151867602
782977848170708394135694154546545
782977848170708394135694130834199
782977848170708394135693981714947
782977848170708394135694069033415
782977848170708394135693962775520
782977848170708394135694180184555
782977848170708394135694003777388
782977848170708394135694166366909
782977848170708394135694074821957
782977848170708394135694042741796
782977848170708394135694097168868
782977848170708394135694194134572
782977848170708394135694199281658
782977848170708394135694144192290
782977848170708394135693988904572
782977848170708394135694074443599
782977848170708394135694015988697
782977848170708394135694043918121
782977848170708394135694158815827
782977848170708394135694077211433
782977848170708394135693959814955
782977848170708394135694602994787
782977848170708394135694549939254
782977848170708394135694482642235
782977848170708394135694668166730
782977848170708394135694692579896
782977848170708394135694512008560
782977848170708394135694517364418
782977848170708394135694464980894
782977848170708394135694693820762
782977848170708394135694565781947
782977848170708394135694557414971
782977848170708394135694610366786
782977848170708394135694446805117
782977848170708394135694588217110
782977848170708394135694582714411
782977848170708394135694615775176
782977848170708394135694569911302
782977848170708394135694516602918
782977848170708394135694613734752
782977848170708394135694503069848
782977848170708394135694568329145
782977848170708394135694487652842
782977848170708394135694516568872
782977848170708394135694446297208
782977848170708394135694621843817
782977848170708394135694661551366
782977848170708394135694477803005
782977848170708394135694690788046
782977848170708394135694699365070
782977848170708394135694460746264
782977848170708394135694519839874
782977848170708394135694598293477
782977848170708394135694695618456
782977848170708394135694488734825
782977848170708394135694522604638
782977848170708394135694684605623
782977848170708394135694455576287
782977848170708394135694557058535
782977848170708394135694539568601
782977848170708394135694685427983
782977848170708394135694452175264
782977848170708394135694599082210
782977848170708394135694600545808
782977848170708394135694512190502
782977848170708394135694478232743
782977848170708394135694466971667
782977848170708394135694685921154
782977848170708394135694466267291
782977848170708394135694481407092
782977848170708394135694447775363
782977848170708394135694652222959
782977848170708394135694655741222
782977848170708394135694465161499
782977848170708394135694522299173
782977848170708394135694693078898
782977848170708394135694688926132
782977848170708394135694526105949
782977848170708394135694457255306
782977848170708394135694622804780
782977848170708394135694615314716
782977848170708394135694489375003
782977848170708394135694572454311
